1 6287
2 5731
3 5294
4 4862
5 4539
6 4246
7 3996
8 3752
9 3513
10 3337
11 3131
12 2943
13 2771
14 2639
15 2525
16 2417
17 2323
18 2237
19 2141
20 2069
21 2001
22 1941
23 1873
24 1801
25 1753
26 1705
27 1671
28 1641
29 1613
30 1582
31 1538
32 1514
33 1492
34 1468
35 1441
36 1416
37 1393
38 1376
39 1360
40 1340
41 1316
42 1302
43 1292
44 1282
45 1266
46 1252
47 1240
48 1222
49 1206
50 1192
51 1174
52 1154
53 1140
54 1128
55 1118
56 1103
57 1083
58 1068
59 1056
60 1044
61 1032
62 1020
63 995
64 975
65 961
66 951
67 941
68 933
69 925
70 911
71 900
72 892
73 884
74 876
75 865
76 854
77 847
78 841
79 833
80 827
81 821
82 813
83 809
84 803
85 799
86 795
87 791
88 785
89 781
90 779
91 777
92 773
93 769
94 765
95 762
96 760
97 758
98 752
99 746
100 742
101 728
102 724
103 720
104 716
105 713
106 710
107 707
108 705
109 703
110 701
111 699
112 697
113 695
114 691
115 689
116 686
117 684
118 682
119 681
120 680
121 679
122 678
123 677
124 676
125 675
126 675
127 674
128 672
129 669
130 669
131 667
132 665
133 664
134 663
135 662
136 662
137 660
138 658
139 657
140 656
141 656
142 654
143 654
144 652
145 651
146 649
147 647
148 645
149 642
150 639
151 637
152 635
153 635
154 633
155 631
156 630
157 630
158 630
159 630
160 630
161 630
162 630
163 630
164 630
165 630
166 630
167 630
168 630
169 630
170 630
171 630
172 630
173 630
174 630
175 630
176 630
177 630
178 630
179 630
180 630
181 630
182 630
183 630
184 630
185 630
186 630
187 630
188 630
189 630
190 630
191 630
192 630
193 630
194 630
195 630
196 630
197 630
198 630
199 630
200 630
201 630
202 630
203 630
204 630
205 630
206 630
207 630
208 630
209 630
210 630
211 630
212 630
213 630
214 630
215 630
216 630
217 630
218 630
219 630
220 630
221 630
222 630
223 630
224 630
225 630
226 630
227 630
228 630
229 630
230 630
231 630
232 630
233 630
234 630
235 630
236 630
237 630
238 630
239 630
240 630
241 630
242 630
243 630
244 630
245 630
246 630
247 630
248 630
249 630
250 630
251 630
252 630
253 630
254 630
255 630
256 630
257 630
258 630
259 630
260 630
261 630
262 630
263 630
264 630
265 630
266 630
267 630
268 630
269 630
270 630
271 630
272 630
273 630
274 630
275 630
276 630
277 630
278 630
279 630
280 630
281 630
282 630
283 630
284 630
285 630
286 630
287 630
288 630
289 630
290 630
291 630
292 630
293 630
294 630
295 630
296 630
297 630
298 630
299 630
300 630
301 630
302 630
303 630
304 630
305 630
306 630
307 630
308 630
309 630
310 630
311 630
312 630
313 630
314 630
315 630
316 630
317 630
318 630
319 630
320 630
321 630
322 630
323 630
324 630
325 630
326 630
327 630
328 630
329 630
330 630
331 630
332 630
333 630
334 630
335 630
336 630
337 630
338 630
339 630
340 630
341 630
342 630
343 630
344 630
345 630
346 630
347 630
348 630
349 630
350 630
351 630
352 630
353 630
354 630
355 630
356 630
357 630
358 630
359 630
360 630
361 630
362 630
363 630
364 630
365 630
366 630
367 630
368 630
369 630
370 630
371 630
372 630
373 630
374 630
375 630
376 630
377 630
378 630
379 630
380 630
381 630
382 630
383 630
384 630
385 630
386 630
387 630
388 630
389 630
390 630
391 630
392 630
393 630
394 630
395 630
396 630
397 630
398 630
399 630
400 630
401 630
402 630
403 630
404 630
405 630
406 630
407 630
408 630
409 630
410 630
411 630
412 630
413 630
414 630
415 630
416 630
417 630
418 630
419 630
420 630
421 630
422 630
423 630
424 630
425 630
426 630
427 630
428 630
429 630
430 630
431 630
432 630
433 630
434 630
435 630
436 630
437 630
438 630
439 630
440 630
441 630
442 630
443 630
444 630
445 630
446 630
447 630
448 630
449 630
450 630
451 630
452 630
453 630
454 630
455 630
456 630
457 630
458 630
459 630
460 630
461 630
462 630
463 630
464 630
465 630
466 630
467 630
468 630
469 630
470 630
471 630
472 630
473 630
474 630
475 630
476 630
477 630
478 630
479 630
480 630
481 630
482 630
483 630
484 630
485 630
486 630
487 630
488 630
489 630
490 630
491 630
492 630
493 630
494 630
495 630
496 630
497 630
498 630
499 630
500 630
501 630
502 630
503 630
504 630
505 630
506 630
507 630
508 630
509 630
510 630
511 630
512 630
513 630
514 630
515 630
516 630
517 630
518 630
519 630
520 630
521 630
522 630
523 630
524 630
525 630
526 630
527 630
528 630
529 630
530 630
531 630
532 630
533 630
534 630
535 630
536 630
537 630
538 630
539 630
540 630
541 630
542 630
543 630
544 630
545 630
546 630
547 630
548 630
549 630
550 630
551 630
552 630
553 630
554 630
555 630
556 630
557 630
558 630
559 630
560 630
561 630
562 630
563 630
564 630
565 630
566 630
567 630
568 630
569 630
570 630
571 630
572 630
573 630
574 630
575 630
576 630
577 630
578 630
579 630
580 630
581 630
582 630
583 630
584 630
585 630
586 630
587 630
588 630
589 630
590 630
591 630
592 630
593 630
594 630
595 630
596 630
597 630
598 630
599 630
600 630
601 630
602 630
603 630
604 630
605 630
606 630
607 630
608 630
609 630
610 630
611 630
612 630
613 630
614 630
615 630
616 630
617 630
618 630
619 630
620 630
621 630
622 630
623 630
624 630
625 630
626 630
627 630
628 630
629 630
630 630
631 630
632 630
633 630
634 630
635 630
636 630
637 630
638 630
639 630
640 630
641 630
642 630
643 630
644 630
645 630
646 630
647 630
648 630
649 630
650 630
651 630
652 630
653 630
654 630
655 630
656 630
657 630
658 630
659 630
660 630
661 630
662 630
663 630
664 630
665 630
666 630
667 630
668 630
669 630
670 630
671 630
672 630
673 630
674 630
675 630
676 630
677 630
678 630
679 630
680 630
681 630
682 630
683 630
684 630
685 630
686 630
687 630
688 630
689 630
690 630
691 630
692 630
693 630
694 630
695 630
696 630
697 630
698 630
699 630
700 630
701 630
702 630
703 630
704 630
705 630
706 630
707 630
708 630
709 630
710 630
711 630
712 630
713 630
714 630
715 630
716 630
717 630
718 630
719 630
720 630
721 630
722 630
723 630
724 630
725 630
726 630
727 630
728 630
729 630
730 630
731 630
732 630
733 630
734 630
735 630
736 630
737 630
738 630
739 630
740 630
741 630
742 630
743 630
744 630
745 630
746 630
747 630
748 630
749 630
750 630
751 630
752 630
753 630
754 630
755 630
756 630
757 630
758 630
759 630
760 630
761 630
762 630
763 630
764 630
765 630
766 630
767 630
768 630
769 630
770 630
771 630
772 630
773 630
774 630
775 630
776 630
777 630
778 630
779 630
780 630
781 630
782 630
783 630
784 630
785 630
786 630
787 630
788 630
789 630
790 630
791 630
792 630
793 630
794 630
795 630
796 630
797 630
798 630
799 630
800 630
801 630
802 630
803 630
804 630
805 630
806 630
807 630
808 630
809 630
810 630
811 630
812 630
813 630
814 630
815 630
816 630
817 630
818 630
819 630
820 630
821 630
822 630
823 630
824 630
825 630
826 630
827 630
828 630
829 630
830 630
831 630
832 630
833 630
834 630
835 630
836 630
837 630
838 630
839 630
840 630
841 630
842 630
843 630
844 630
845 630
846 630
847 630
848 630
849 630
850 630
851 630
852 630
853 630
854 630
855 630
856 630
857 630
858 630
859 630
860 630
861 630
862 630
863 630
864 630
865 630
866 630
867 630
868 630
869 630
870 630
871 630
872 630
873 630
874 630
875 630
876 630
877 630
878 630
879 630
880 630
881 630
882 630
883 630
884 630
885 630
886 630
887 630
888 630
889 630
890 630
891 630
892 630
893 630
894 630
895 630
896 630
897 630
898 630
899 630
900 630
901 630
902 630
903 630
904 630
905 630
906 630
907 630
908 630
909 630
910 630
911 630
912 630
913 630
914 630
915 630
916 630
917 630
918 630
919 630
920 630
921 630
922 630
923 630
924 630
925 630
926 630
927 630
928 630
929 630
930 630
931 630
932 630
933 630
934 630
935 630
936 630
937 630
938 630
939 630
940 630
941 630
942 630
943 630
944 630
945 630
946 630
947 630
948 630
949 630
950 630
951 630
952 630
953 630
954 630
955 630
956 630
957 630
958 630
959 630
960 630
961 630
962 630
963 630
964 630
965 630
966 630
967 630
968 630
969 630
970 630
971 630
972 630
973 630
974 630
975 630
976 630
977 630
978 630
979 630
980 630
981 630
982 630
983 630
984 630
985 630
986 630
987 630
988 630
989 630
990 630
991 630
992 630
993 630
994 630
995 630
996 630
997 630
998 630
999 630
1000 630
1001 630
1002 630
1003 630
1004 630
1005 630
1006 630
1007 630
1008 630
1009 630
1010 630
1011 630
1012 630
1013 630
1014 630
1015 630
1016 630
1017 630
1018 630
1019 630
1020 630
1021 630
1022 630
1023 630
1024 630
1025 630
1026 630
1027 630
1028 630
1029 630
1030 630
1031 630
1032 630
1033 630
1034 630
1035 630
1036 630
1037 630
1038 630
1039 630
1040 630
1041 630
1042 630
1043 630
1044 630
1045 630
1046 630
1047 630
1048 630
1049 630
1050 630
1051 630
1052 630
1053 630
1054 630
1055 630
1056 630
1057 630
1058 630
1059 630
1060 630
1061 630
1062 630
1063 630
1064 630
1065 630
1066 630
1067 630
1068 630
1069 630
1070 630
1071 630
1072 630
1073 630
1074 630
1075 630
1076 630
1077 630
1078 630
1079 630
1080 630
1081 630
1082 630
1083 630
1084 630
1085 630
1086 630
1087 630
1088 630
1089 630
1090 630
1091 630
1092 630
1093 630
1094 630
1095 630
1096 630
1097 630
1098 630
1099 630
1100 630
1101 630
1102 630
1103 630
1104 630
1105 630
1106 630
1107 630
1108 630
1109 630
1110 630
1111 630
1112 630
1113 630
1114 630
1115 630
1116 630
1117 630
1118 630
1119 630
1120 630
1121 630
1122 630
1123 630
1124 630
1125 630
1126 630
1127 630
1128 630
1129 630
1130 630
1131 630
1132 630
1133 630
1134 630
1135 630
1136 630
1137 630
1138 630
1139 630
1140 630
1141 630
1142 630
1143 630
1144 630
1145 630
1146 630
1147 630
1148 630
1149 630
1150 630
1151 630
1152 630
1153 630
1154 630
1155 630
1156 630
1157 630
1158 630
1159 630
1160 630
1161 630
1162 630
1163 630
1164 630
1165 630
1166 630
1167 630
1168 630
1169 630
1170 630
1171 630
1172 630
1173 630
1174 630
1175 630
1176 630
1177 630
1178 630
1179 630
1180 630
1181 630
1182 630
1183 630
1184 630
1185 630
1186 630
1187 630
1188 630
1189 630
1190 630
1191 630
1192 630
1193 630
1194 630
1195 630
1196 630
1197 630
1198 630
1199 630
1200 630
1201 630
1202 630
1203 630
1204 630
1205 630
1206 630
1207 630
1208 630
1209 630
1210 630
1211 630
1212 630
1213 630
1214 630
1215 630
1216 630
1217 630
1218 630
1219 630
1220 630
1221 630
1222 630
1223 630
1224 630
1225 630
1226 630
1227 630
1228 630
1229 630
1230 630
1231 630
1232 630
1233 630
1234 630
1235 630
1236 630
1237 630
1238 630
1239 630
1240 630
1241 630
1242 630
1243 630
1244 630
1245 630
1246 630
1247 630
1248 630
1249 630
1250 630
1251 630
1252 630
1253 630
1254 630
1255 630
1256 630
1257 630
1258 630
1259 630
1260 630
1261 630
1262 630
1263 630
1264 630
1265 630
1266 630
1267 630
1268 630
1269 630
1270 630
1271 630
1272 630
1273 630
1274 630
1275 630
1276 630
1277 630
1278 630
1279 630
1280 630
1281 630
1282 630
1283 630
1284 630
1285 630
1286 630
1287 630
1288 630
1289 630
1290 630
1291 630
1292 630
1293 630
1294 630
1295 630
1296 630
1297 630
1298 630
1299 630
1300 630
1301 630
1302 630
1303 630
1304 630
1305 630
1306 630
1307 630
1308 630
1309 630
1310 630
1311 630
1312 630
1313 630
1314 630
1315 630
1316 630
1317 630
1318 630
1319 630
1320 630
1321 630
1322 630
1323 630
1324 630
1325 630
1326 630
1327 630
1328 630
1329 630
1330 630
1331 630
1332 630
1333 630
1334 630
1335 630
1336 630
1337 630
1338 630
1339 630
1340 630
1341 630
1342 630
1343 630
1344 630
1345 630
1346 630
1347 630
1348 630
1349 630
1350 630
1351 630
1352 630
1353 630
1354 630
1355 630
1356 630
1357 630
1358 630
1359 630
1360 630
1361 630
1362 630
1363 630
1364 630
1365 630
1366 630
1367 630
1368 630
1369 630
1370 630
1371 630
1372 630
1373 630
1374 630
1375 630
1376 630
1377 630
1378 630
1379 630
1380 630
1381 630
1382 630
1383 630
1384 630
1385 630
1386 630
1387 630
1388 630
1389 630
1390 630
1391 630
1392 630
1393 630
1394 630
1395 630
1396 630
1397 630
1398 630
1399 630
1400 630
1401 630
1402 630
1403 630
1404 630
1405 630
1406 630
1407 630
1408 630
1409 630
1410 630
1411 630
1412 630
1413 630
1414 630
1415 630
1416 630
1417 630
1418 630
1419 630
1420 630
1421 630
1422 630
1423 630
1424 630
1425 630
1426 630
1427 630
1428 630
1429 630
1430 630
1431 630
1432 630
1433 630
1434 630
1435 630
1436 630
1437 630
1438 630
1439 630
1440 630
1441 630
1442 630
1443 630
1444 630
1445 630
1446 630
1447 630
1448 630
1449 630
1450 630
1451 630
1452 630
1453 630
1454 630
1455 630
1456 630
1457 630
1458 630
1459 630
1460 630
1461 630
1462 630
1463 630
1464 630
1465 630
1466 630
1467 630
1468 630
1469 630
1470 630
1471 630
1472 630
1473 630
1474 630
1475 630
1476 630
1477 630
1478 630
1479 630
1480 630
1481 630
1482 630
1483 630
1484 630
1485 630
1486 630
1487 630
1488 630
1489 630
1490 630
1491 630
1492 630
1493 630
1494 630
1495 630
1496 630
1497 630
1498 630
1499 630
1500 630
1501 630
1502 630
1503 630
1504 630
1505 630
1506 630
1507 630
1508 630
1509 630
1510 630
1511 630
1512 630
1513 630
1514 630
1515 630
1516 630
1517 630
1518 630
1519 630
1520 630
1521 630
1522 630
1523 630
1524 630
1525 630
1526 630
1527 630
1528 630
1529 630
1530 630
1531 630
1532 630
1533 630
1534 630
1535 630
1536 630
1537 630
1538 630
1539 630
1540 630
1541 630
1542 630
1543 630
1544 630
1545 630
1546 630
1547 630
1548 630
1549 630
1550 630
1551 630
1552 630
1553 630
1554 630
1555 630
1556 630
1557 630
1558 630
1559 630
1560 630
1561 630
1562 630
1563 630
1564 630
1565 630
1566 630
1567 630
1568 630
1569 630
1570 630
1571 630
1572 630
1573 630
1574 630
1575 630
1576 630
1577 630
1578 630
1579 630
1580 630
1581 630
1582 630
1583 630
1584 630
1585 630
1586 630
1587 630
1588 630
1589 630
1590 630
1591 630
1592 630
1593 630
1594 630
1595 630
1596 630
1597 630
1598 630
1599 630
1600 630
1601 630
1602 630
1603 630
1604 630
1605 630
1606 630
1607 630
1608 630
1609 630
1610 630
1611 630
1612 630
1613 630
1614 630
1615 630
1616 630
1617 630
1618 630
1619 630
1620 630
1621 630
1622 630
1623 630
1624 630
1625 630
1626 630
1627 630
1628 630
1629 630
1630 630
1631 630
1632 630
1633 630
1634 630
1635 630
1636 630
1637 630
1638 630
1639 630
1640 630
1641 630
1642 630
1643 630
1644 630
1645 630
1646 630
1647 630
1648 630
1649 630
1650 630
1651 630
1652 630
1653 630
1654 630
1655 630
1656 630
1657 630
1658 630
1659 630
1660 630
1661 630
1662 630
1663 630
1664 630
1665 630
1666 630
1667 630
1668 630
1669 630
1670 630
1671 630
1672 630
1673 630
1674 630
1675 630
1676 630
1677 630
1678 630
1679 630
1680 630
1681 630
1682 630
1683 630
1684 630
1685 630
1686 630
1687 630
1688 630
1689 630
1690 630
1691 630
1692 630
1693 630
1694 630
1695 630
1696 630
1697 630
1698 630
1699 630
1700 630
1701 630
1702 630
1703 630
1704 630
1705 630
1706 630
1707 630
1708 630
1709 630
1710 630
1711 630
1712 630
1713 630
1714 630
1715 630
1716 630
1717 630
1718 630
1719 630
1720 630
1721 630
1722 630
1723 630
1724 630
1725 630
1726 630
1727 630
1728 630
1729 630
1730 630
1731 630
1732 630
1733 630
1734 630
1735 630
1736 630
1737 630
1738 630
1739 630
1740 630
1741 630
1742 630
1743 630
1744 630
1745 630
1746 630
1747 630
1748 630
1749 630
1750 630
1751 630
1752 630
1753 630
1754 630
1755 630
1756 630
1757 630
1758 630
1759 630
1760 630
1761 630
1762 630
1763 630
1764 630
1765 630
1766 630
1767 630
1768 630
1769 630
1770 630
1771 630
1772 630
1773 630
1774 630
1775 630
1776 630
1777 630
1778 630
1779 630
1780 630
1781 630
1782 630
1783 630
1784 630
1785 630
1786 630
1787 630
1788 630
1789 630
1790 630
1791 630
1792 630
1793 630
1794 630
1795 630
1796 630
1797 630
1798 630
1799 630
1800 630
1801 630
1802 630
1803 630
1804 630
1805 630
1806 630
1807 630
1808 630
1809 630
1810 630
1811 630
1812 630
1813 630
1814 630
1815 630
1816 630
1817 630
1818 630
1819 630
1820 630
1821 630
1822 630
1823 630
1824 630
1825 630
1826 630
1827 630
1828 630
1829 630
1830 630
1831 630
1832 630
1833 630
1834 630
1835 630
1836 630
1837 630
1838 630
1839 630
1840 630
1841 630
1842 630
1843 630
1844 630
1845 630
1846 630
1847 630
1848 630
1849 630
1850 630
1851 630
1852 630
1853 630
1854 630
1855 630
1856 630
1857 630
1858 630
1859 630
1860 630
1861 630
1862 630
1863 630
1864 630
1865 630
1866 630
1867 630
1868 630
1869 630
1870 630
1871 630
1872 630
1873 630
1874 630
1875 630
1876 630
1877 630
1878 630
1879 630
1880 630
1881 630
1882 630
1883 630
1884 630
1885 630
1886 630
1887 630
1888 630
1889 630
1890 630
1891 630
1892 630
1893 630
1894 630
1895 630
1896 630
1897 630
1898 630
1899 630
1900 630
1901 630
1902 630
1903 630
1904 630
1905 630
1906 630
1907 630
1908 630
1909 630
1910 630
1911 630
1912 630
1913 630
1914 630
1915 630
1916 630
1917 630
1918 630
1919 630
1920 630
1921 630
1922 630
1923 630
1924 630
1925 630
1926 630
1927 630
1928 630
1929 630
1930 630
1931 630
1932 630
1933 630
1934 630
1935 630
1936 630
1937 630
1938 630
1939 630
1940 630
1941 630
1942 630
1943 630
1944 630
1945 630
1946 630
1947 630
1948 630
1949 630
1950 630
1951 630
1952 630
1953 630
1954 630
1955 630
1956 630
1957 630
1958 630
1959 630
1960 630
1961 630
1962 630
1963 630
1964 630
1965 630
1966 630
1967 630
1968 630
1969 630
1970 630
1971 630
1972 630
1973 630
1974 630
1975 630
1976 630
1977 630
1978 630
1979 630
1980 630
1981 630
1982 630
1983 630
1984 630
1985 630
1986 630
1987 630
1988 630
1989 630
1990 630
1991 630
1992 630
1993 630
1994 630
1995 630
1996 630
1997 630
1998 630
1999 630
2000 630
2001 630
2002 630
2003 630
2004 630
2005 630
2006 630
2007 630
2008 630
2009 630
2010 630
2011 630
2012 630
2013 630
2014 630
2015 630
2016 630
2017 630
2018 630
2019 630
2020 630
2021 630
2022 630
2023 630
2024 630
2025 630
2026 630
2027 630
2028 630
2029 630
2030 630
2031 630
2032 630
2033 630
2034 630
2035 630
2036 630
2037 630
2038 630
2039 630
2040 630
2041 630
2042 630
2043 630
2044 630
2045 630
2046 630
2047 630
2048 630
2049 630
2050 630
2051 630
2052 630
2053 630
2054 630
2055 630
2056 630
2057 630
2058 630
2059 630
2060 630
2061 630
2062 630
2063 630
2064 630
2065 630
2066 630
2067 630
2068 630
2069 630
2070 630
2071 630
2072 630
2073 630
2074 630
2075 630
2076 630
2077 630
2078 630
2079 630
2080 630
2081 630
2082 630
2083 630
2084 630
2085 630
2086 630
2087 630
2088 630
2089 630
2090 630
2091 630
2092 630
2093 630
2094 630
2095 630
2096 630
2097 630
2098 630
2099 630
2100 630
2101 630
2102 630
2103 630
2104 630
2105 630
2106 630
2107 630
2108 630
2109 630
2110 630
2111 630
2112 630
2113 630
2114 630
2115 630
2116 630
2117 630
2118 630
2119 630
2120 630
2121 630
2122 630
2123 630
2124 630
2125 630
2126 630
2127 630
2128 630
2129 630
2130 630
2131 630
2132 630
2133 630
2134 630
2135 630
2136 630
2137 630
2138 630
2139 630
2140 630
2141 630
2142 630
2143 630
2144 630
2145 630
2146 630
2147 630
2148 630
2149 630
2150 630
2151 630
2152 630
2153 630
2154 630
2155 630
2156 630
2157 630
2158 630
2159 630
2160 630
2161 630
2162 630
2163 630
2164 630
2165 630
2166 630
2167 630
2168 630
2169 630
2170 630
2171 630
2172 630
2173 630
2174 630
2175 630
2176 630
2177 630
2178 630
2179 630
2180 630
2181 630
2182 630
2183 630
2184 630
2185 630
2186 630
2187 630
2188 630
2189 630
2190 630
2191 630
2192 630
2193 630
2194 630
2195 630
2196 630
2197 630
2198 630
2199 630
2200 630
2201 630
2202 630
2203 630
2204 630
2205 630
2206 630
2207 630
2208 630
2209 630
2210 630
2211 630
2212 630
2213 630
2214 630
2215 630
2216 630
2217 630
2218 630
2219 630
2220 630
2221 630
2222 630
2223 630
2224 630
2225 630
2226 630
2227 630
2228 630
2229 630
2230 630
2231 630
2232 630
2233 630
2234 630
2235 630
2236 630
2237 630
2238 630
2239 630
2240 630
2241 630
2242 630
2243 630
2244 630
2245 630
2246 630
2247 630
2248 630
2249 630
2250 630
2251 630
2252 630
2253 630
2254 630
2255 630
2256 630
2257 630
2258 630
2259 630
2260 630
2261 630
2262 630
2263 630
2264 630
2265 630
2266 630
2267 630
2268 630
2269 630
2270 630
2271 630
2272 630
2273 630
2274 630
2275 630
2276 630
2277 630
2278 630
2279 630
2280 630
2281 630
2282 630
2283 630
2284 630
2285 630
2286 630
2287 630
2288 630
2289 630
2290 630
2291 630
2292 630
2293 630
2294 630
2295 630
2296 630
2297 630
2298 630
2299 630
2300 630
2301 630
2302 630
2303 630
2304 630
2305 630
2306 630
2307 630
2308 630
2309 630
2310 630
2311 630
2312 630
2313 630
2314 630
2315 630
2316 630
2317 630
2318 630
2319 630
2320 630
2321 630
2322 630
2323 630
2324 630
2325 630
2326 630
2327 630
2328 630
2329 630
2330 630
2331 630
2332 630
2333 630
2334 630
2335 630
2336 630
2337 630
2338 630
2339 630
2340 630
2341 630
2342 630
2343 630
2344 630
2345 630
2346 630
2347 630
2348 630
2349 630
2350 630
2351 630
2352 630
2353 630
2354 630
2355 630
2356 630
2357 630
2358 630
2359 630
2360 630
2361 630
2362 630
2363 630
2364 630
2365 630
2366 630
2367 630
2368 630
2369 630
2370 630
2371 630
2372 630
2373 630
2374 630
2375 630
2376 630
2377 630
2378 630
2379 630
2380 630
2381 630
2382 630
2383 630
2384 630
2385 630
2386 630
2387 630
2388 630
2389 630
2390 630
2391 630
2392 630
2393 630
2394 630
2395 630
2396 630
2397 630
2398 630
2399 630
2400 630
2401 630
2402 630
2403 630
2404 630
2405 630
2406 630
2407 630
2408 630
2409 630
2410 630
2411 630
2412 630
2413 630
2414 630
2415 630
2416 630
2417 630
2418 630
2419 630
2420 630
2421 630
2422 630
2423 630
2424 630
2425 630
2426 630
2427 630
2428 630
2429 630
2430 630
2431 630
2432 630
2433 630
2434 630
2435 630
2436 630
2437 630
2438 630
2439 630
2440 630
2441 630
2442 630
2443 630
2444 630
2445 630
2446 630
2447 630
2448 630
2449 630
2450 630
2451 630
2452 630
2453 630
2454 630
2455 630
2456 630
2457 630
2458 630
2459 630
2460 630
2461 630
2462 630
2463 630
2464 630
2465 630
2466 630
2467 630
2468 630
2469 630
2470 630
2471 630
2472 630
2473 630
2474 630
2475 630
2476 630
2477 630
2478 630
2479 630
2480 630
2481 630
2482 630
2483 630
2484 630
2485 630
2486 630
2487 630
2488 630
2489 630
2490 630
2491 630
2492 630
2493 630
2494 630
2495 630
2496 630
2497 630
2498 630
2499 630
2500 630
2501 630
2502 630
2503 630
2504 630
2505 630
2506 630
2507 630
2508 630
2509 630
2510 630
2511 630
2512 630
2513 630
2514 630
2515 630
2516 630
2517 630
2518 630
2519 630
2520 630
2521 630
2522 630
2523 630
2524 630
2525 630
2526 630
2527 630
2528 630
2529 630
2530 630
2531 630
2532 630
2533 630
2534 630
2535 630
2536 630
2537 630
2538 630
2539 630
2540 630
2541 630
2542 630
2543 630
2544 630
2545 630
2546 630
2547 630
2548 630
2549 630
2550 630
2551 630
2552 630
2553 630
2554 630
2555 630
2556 630
2557 630
2558 630
2559 630
2560 630
2561 630
2562 630
2563 630
2564 630
2565 630
2566 630
2567 630
2568 630
2569 630
2570 630
2571 630
2572 630
2573 630
2574 630
2575 630
2576 630
2577 630
2578 630
2579 630
2580 630
2581 630
2582 630
2583 630
2584 630
2585 630
2586 630
2587 630
2588 630
2589 630
2590 630
2591 630
2592 630
2593 630
2594 630
2595 630
2596 630
2597 630
2598 630
2599 630
2600 630
2601 630
2602 630
2603 630
2604 630
2605 630
2606 630
2607 630
2608 630
2609 630
2610 630
2611 630
2612 630
2613 630
2614 630
2615 630
2616 630
2617 630
2618 630
2619 630
2620 630
2621 630
2622 630
2623 630
2624 630
2625 630
2626 630
2627 630
2628 630
2629 630
2630 630
2631 630
2632 630
2633 630
2634 630
2635 630
2636 630
2637 630
2638 630
2639 630
2640 630
2641 630
2642 630
2643 630
2644 630
2645 630
2646 630
2647 630
2648 630
2649 630
2650 630
2651 630
2652 630
2653 630
2654 630
2655 630
2656 630
2657 630
2658 630
2659 630
2660 630
2661 630
2662 630
2663 630
2664 630
2665 630
2666 630
2667 630
2668 630
2669 630
2670 630
2671 630
2672 630
2673 630
2674 630
2675 630
2676 630
2677 630
2678 630
2679 630
2680 630
2681 630
2682 630
2683 630
2684 630
2685 630
2686 630
2687 630
2688 630
2689 630
2690 630
2691 630
2692 630
2693 630
2694 630
2695 630
2696 630
2697 630
2698 630
2699 630
2700 630
2701 630
2702 630
2703 630
2704 630
2705 630
2706 630
2707 630
2708 630
2709 630
2710 630
2711 630
2712 630
2713 630
2714 630
2715 630
2716 630
2717 630
2718 630
2719 630
2720 630
2721 630
2722 630
2723 630
2724 630
2725 630
2726 630
2727 630
2728 630
2729 630
2730 630
2731 630
2732 630
2733 630
2734 630
2735 630
2736 630
2737 630
2738 630
2739 630
2740 630
2741 630
2742 630
2743 630
2744 630
2745 630
2746 630
2747 630
2748 630
2749 630
2750 630
2751 630
2752 630
2753 630
2754 630
2755 630
2756 630
2757 630
2758 630
2759 630
2760 630
2761 630
2762 630
2763 630
2764 630
2765 630
2766 630
2767 630
2768 630
2769 630
2770 630
2771 630
2772 630
2773 630
2774 630
2775 630
2776 630
2777 630
2778 630
2779 630
2780 630
2781 630
2782 630
2783 630
2784 630
2785 630
2786 630
2787 630
2788 630
2789 630
2790 630
2791 630
2792 630
2793 630
2794 630
2795 630
2796 630
2797 630
2798 630
2799 630
2800 630
2801 630
2802 630
2803 630
2804 630
2805 630
2806 630
2807 630
2808 630
2809 630
2810 630
2811 630
2812 630
2813 630
2814 630
2815 630
2816 630
2817 630
2818 630
2819 630
2820 630
2821 630
2822 630
2823 630
2824 630
2825 630
2826 630
2827 630
2828 630
2829 630
2830 630
2831 630
2832 630
2833 630
2834 630
2835 630
2836 630
2837 630
2838 630
2839 630
2840 630
2841 630
2842 630
2843 630
2844 630
2845 630
2846 630
2847 630
2848 630
2849 630
2850 630
2851 630
2852 630
2853 630
2854 630
2855 630
2856 630
2857 630
2858 630
2859 630
2860 630
2861 630
2862 630
2863 630
2864 630
2865 630
2866 630
2867 630
2868 630
2869 630
2870 630
2871 630
2872 630
2873 630
2874 630
2875 630
2876 630
2877 630
2878 630
2879 630
2880 630
2881 630
2882 630
2883 630
2884 630
2885 630
2886 630
2887 630
2888 630
2889 630
2890 630
2891 630
2892 630
2893 630
2894 630
2895 630
2896 630
2897 630
2898 630
2899 630
2900 630
2901 630
2902 630
2903 630
2904 630
2905 630
2906 630
2907 630
2908 630
2909 630
2910 630
2911 630
2912 630
2913 630
2914 630
2915 630
2916 630
2917 630
2918 630
2919 630
2920 630
2921 630
2922 630
2923 630
2924 630
2925 630
2926 630
2927 630
2928 630
2929 630
2930 630
2931 630
2932 630
2933 630
2934 630
2935 630
2936 630
2937 630
2938 630
2939 630
2940 630
2941 630
2942 630
2943 630
2944 630
2945 630
2946 630
2947 630
2948 630
2949 630
2950 630
2951 630
2952 630
2953 630
2954 630
2955 630
2956 630
2957 630
2958 630
2959 630
2960 630
2961 630
2962 630
2963 630
2964 630
2965 630
2966 630
2967 630
2968 630
2969 630
2970 630
2971 630
2972 630
2973 630
2974 630
2975 630
2976 630
2977 630
2978 630
2979 630
2980 630
2981 630
2982 630
2983 630
2984 630
2985 630
2986 630
2987 630
2988 630
2989 630
2990 630
2991 630
2992 630
2993 630
2994 630
2995 630
2996 630
2997 630
2998 630
2999 630
3000 630
3001 630
3002 630
3003 630
3004 630
3005 630
3006 630
3007 630
3008 630
3009 630
3010 630
3011 630
3012 630
3013 630
3014 630
3015 630
3016 630
3017 630
3018 630
3019 630
3020 630
3021 630
3022 630
3023 630
3024 630
3025 630
3026 630
3027 630
3028 630
3029 630
3030 630
3031 630
3032 630
3033 630
3034 630
3035 630
3036 630
3037 630
3038 630
3039 630
3040 630
3041 630
3042 630
3043 630
3044 630
3045 630
3046 630
3047 630
3048 630
3049 630
3050 630
3051 630
3052 630
3053 630
3054 630
3055 630
3056 630
3057 630
3058 630
3059 630
3060 630
3061 630
3062 630
3063 630
3064 630
3065 630
3066 630
3067 630
3068 630
3069 630
3070 630
3071 630
3072 630
3073 630
3074 630
3075 630
3076 630
3077 630
3078 630
3079 630
3080 630
3081 630
3082 630
3083 630
3084 630
3085 630
3086 630
3087 630
3088 630
3089 630
3090 630
3091 630
3092 630
3093 630
3094 630
3095 630
3096 630
3097 630
3098 630
3099 630
3100 630
3101 630
3102 630
3103 630
3104 630
3105 630
3106 630
3107 630
3108 630
3109 630
3110 630
3111 630
3112 630
3113 630
3114 630
3115 630
3116 630
3117 630
3118 630
3119 630
3120 630
3121 630
3122 630
3123 630
3124 630
3125 630
3126 630
3127 630
3128 630
3129 630
3130 630
3131 630
3132 630
3133 630
3134 630
3135 630
3136 630
3137 630
3138 630
3139 630
3140 630
3141 630
3142 630
3143 630
3144 630
3145 630
3146 630
3147 630
3148 630
3149 630
3150 630
3151 630
3152 630
3153 630
3154 630
3155 630
3156 630
3157 630
3158 630
3159 630
3160 630
3161 630
3162 630
3163 630
3164 630
3165 630
3166 630
3167 630
3168 630
3169 630
3170 630
3171 630
3172 630
3173 630
3174 630
3175 630
3176 630
3177 630
3178 630
3179 630
3180 630
3181 630
3182 630
3183 630
3184 630
3185 630
3186 630
3187 630
3188 630
3189 630
3190 630
3191 630
3192 630
3193 630
3194 630
3195 630
3196 630
3197 630
3198 630
3199 630
3200 630
3201 630
3202 630
3203 630
3204 630
3205 630
3206 630
3207 630
3208 630
3209 630
3210 630
3211 630
3212 630
3213 630
3214 630
3215 630
3216 630
3217 630
3218 630
3219 630
3220 630
3221 630
3222 630
3223 630
3224 630
3225 630
3226 630
3227 630
3228 630
3229 630
3230 630
3231 630
3232 630
3233 630
3234 630
3235 630
3236 630
3237 630
3238 630
3239 630
3240 630
3241 630
3242 630
3243 630
3244 630
3245 630
3246 630
3247 630
3248 630
3249 630
3250 630
3251 630
3252 630
3253 630
3254 630
3255 630
3256 630
3257 630
3258 630
3259 630
3260 630
3261 630
3262 630
3263 630
3264 630
3265 630
3266 630
3267 630
3268 630
3269 630
3270 630
3271 630
3272 630
3273 630
3274 630
3275 630
3276 630
3277 630
3278 630
3279 630
3280 630
3281 630
3282 630
3283 630
3284 630
3285 630
3286 630
3287 630
3288 630
3289 630
3290 630
3291 630
3292 630
3293 630
3294 630
3295 630
3296 630
3297 630
3298 630
3299 630
3300 630
3301 630
3302 630
3303 630
3304 630
3305 630
3306 630
3307 630
3308 630
3309 630
3310 630
3311 630
3312 630
3313 630
3314 630
3315 630
3316 630
3317 630
3318 630
3319 630
3320 630
3321 630
3322 630
3323 630
3324 630
3325 630
3326 630
3327 630
3328 630
3329 630
3330 630
3331 630
3332 630
3333 630
3334 630
3335 630
3336 630
3337 630
3338 630
3339 630
3340 630
3341 630
3342 630
3343 630
3344 630
3345 630
3346 630
3347 630
3348 630
3349 630
3350 630
3351 630
3352 630
3353 630
3354 630
3355 630
3356 630
3357 630
3358 630
3359 630
3360 630
3361 630
3362 630
3363 630
3364 630
3365 630
3366 630
3367 630
3368 630
3369 630
3370 630
3371 630
3372 630
3373 630
3374 630
3375 630
3376 630
3377 630
3378 630
3379 630
3380 630
3381 630
3382 630
3383 630
3384 630
3385 630
3386 630
3387 630
3388 630
3389 630
3390 630
3391 630
3392 630
3393 630
3394 630
3395 630
3396 630
3397 630
3398 630
3399 630
3400 630
3401 630
3402 630
3403 630
3404 630
3405 630
3406 630
3407 630
3408 630
3409 630
3410 630
3411 630
3412 630
3413 630
3414 630
3415 630
3416 630
3417 630
3418 630
3419 630
3420 630
3421 630
3422 630
3423 630
3424 630
3425 630
3426 630
3427 630
3428 630
3429 630
3430 630
3431 630
3432 630
3433 630
3434 630
3435 630
3436 630
3437 630
3438 630
3439 630
3440 630
3441 630
3442 630
3443 630
3444 630
3445 630
3446 630
3447 630
3448 630
3449 630
3450 630
3451 630
3452 630
3453 630
3454 630
3455 630
3456 630
3457 630
3458 630
3459 630
3460 630
3461 630
3462 630
3463 630
3464 630
3465 630
3466 630
3467 630
3468 630
3469 630
3470 630
3471 630
3472 630
3473 630
3474 630
3475 630
3476 630
3477 630
3478 630
3479 630
3480 630
3481 630
3482 630
3483 630
3484 630
3485 630
3486 630
3487 630
3488 630
3489 630
3490 630
3491 630
3492 630
3493 630
3494 630
3495 630
3496 630
3497 630
3498 630
3499 630
3500 630
3501 630
3502 630
3503 630
3504 630
3505 630
3506 630
3507 630
3508 630
3509 630
3510 630
3511 630
3512 630
3513 630
3514 630
3515 630
3516 630
3517 630
3518 630
3519 630
3520 630
3521 630
3522 630
3523 630
3524 630
3525 630
3526 630
3527 630
3528 630
3529 630
3530 630
3531 630
3532 630
3533 630
3534 630
3535 630
3536 630
3537 630
3538 630
3539 630
3540 630
3541 630
3542 630
3543 630
3544 630
3545 630
3546 630
3547 630
3548 630
3549 630
3550 630
3551 630
3552 630
3553 630
3554 630
3555 630
3556 630
3557 630
3558 630
3559 630
3560 630
3561 630
3562 630
3563 630
3564 630
3565 630
3566 630
3567 630
3568 630
3569 630
3570 630
3571 630
3572 630
3573 630
3574 630
3575 630
3576 630
3577 630
3578 630
3579 630
3580 630
3581 630
3582 630
3583 630
3584 630
3585 630
3586 630
3587 630
3588 630
3589 630
3590 630
3591 630
3592 630
3593 630
3594 630
3595 630
3596 630
3597 630
3598 630
3599 630
3600 630
3601 630
3602 630
3603 630
3604 630
3605 630
3606 630
3607 630
3608 630
3609 630
3610 630
3611 630
3612 630
3613 630
3614 630
3615 630
3616 630
3617 630
3618 630
3619 630
3620 630
3621 630
3622 630
3623 630
3624 630
3625 630
3626 630
3627 630
3628 630
3629 630
3630 630
3631 630
3632 630
3633 630
3634 630
3635 630
3636 630
3637 630
3638 630
3639 630
3640 630
3641 630
3642 630
3643 630
3644 630
3645 630
3646 630
3647 630
3648 630
3649 630
3650 630
3651 630
3652 630
3653 630
3654 630
3655 630
3656 630
3657 630
3658 630
3659 630
3660 630
3661 630
3662 630
3663 630
3664 630
3665 630
3666 630
3667 630
3668 630
3669 630
3670 630
3671 630
3672 630
3673 630
3674 630
3675 630
3676 630
3677 630
3678 630
3679 630
3680 630
3681 630
3682 630
3683 630
3684 630
3685 630
3686 630
3687 630
3688 630
3689 630
3690 630
3691 630
3692 630
3693 630
3694 630
3695 630
3696 630
3697 630
3698 630
3699 630
3700 630
3701 630
3702 630
3703 630
3704 630
3705 630
3706 630
3707 630
3708 630
3709 630
3710 630
3711 630
3712 630
3713 630
3714 630
3715 630
3716 630
3717 630
3718 630
3719 630
3720 630
3721 630
3722 630
3723 630
3724 630
3725 630
3726 630
3727 630
3728 630
3729 630
3730 630
3731 630
3732 630
3733 630
3734 630
3735 630
3736 630
3737 630
3738 630
3739 630
3740 630
3741 630
3742 630
3743 630
3744 630
3745 630
3746 630
3747 630
3748 630
3749 630
3750 630
3751 630
3752 630
3753 630
3754 630
3755 630
3756 630
3757 630
3758 630
3759 630
3760 630
3761 630
3762 630
3763 630
3764 630
3765 630
3766 630
3767 630
3768 630
3769 630
3770 630
3771 630
3772 630
3773 630
3774 630
3775 630
3776 630
3777 630
3778 630
3779 630
3780 630
3781 630
3782 630
3783 630
3784 630
3785 630
3786 630
3787 630
3788 630
3789 630
3790 630
3791 630
3792 630
3793 630
3794 630
3795 630
3796 630
3797 630
3798 630
3799 630
3800 630
3801 630
3802 630
3803 630
3804 630
3805 630
3806 630
3807 630
3808 630
3809 630
3810 630
3811 630
3812 630
3813 630
3814 630
3815 630
3816 630
3817 630
3818 630
3819 630
3820 630
3821 630
3822 630
3823 630
3824 630
3825 630
3826 630
3827 630
3828 630
3829 630
3830 630
3831 630
3832 630
3833 630
3834 630
3835 630
3836 630
3837 630
3838 630
3839 630
3840 630
3841 630
3842 630
3843 630
3844 630
3845 630
3846 630
3847 630
3848 630
3849 630
3850 630
3851 630
3852 630
3853 630
3854 630
3855 630
3856 630
3857 630
3858 630
3859 630
3860 630
3861 630
3862 630
3863 630
3864 630
3865 630
3866 630
3867 630
3868 630
3869 630
3870 630
3871 630
3872 630
3873 630
3874 630
3875 630
3876 630
3877 630
3878 630
3879 630
3880 630
3881 630
3882 630
3883 630
3884 630
3885 630
3886 630
3887 630
3888 630
3889 630
3890 630
3891 630
3892 630
3893 630
3894 630
3895 630
3896 630
3897 630
3898 630
3899 630
3900 630
3901 630
3902 630
3903 630
3904 630
3905 630
3906 630
3907 630
3908 630
3909 630
3910 630
3911 630
3912 630
3913 630
3914 630
3915 630
3916 630
3917 630
3918 630
3919 630
3920 630
3921 630
3922 630
3923 630
3924 630
3925 630
3926 630
3927 630
3928 630
3929 630
3930 630
3931 630
3932 630
3933 630
3934 630
3935 630
3936 630
3937 630
3938 630
3939 630
3940 630
3941 630
3942 630
3943 630
3944 630
3945 630
3946 630
3947 630
3948 630
3949 630
3950 630
3951 630
3952 630
3953 630
3954 630
3955 630
3956 630
3957 630
3958 630
3959 630
3960 630
3961 630
3962 630
3963 630
3964 630
3965 630
3966 630
3967 630
3968 630
3969 630
3970 630
3971 630
3972 630
3973 630
3974 630
3975 630
3976 630
3977 630
3978 630
3979 630
3980 630
3981 630
3982 630
3983 630
3984 630
3985 630
3986 630
3987 630
3988 630
3989 630
3990 630
3991 630
3992 630
3993 630
3994 630
3995 630
3996 630
3997 630
3998 630
3999 630
4000 630
4001 630
4002 630
4003 630
4004 630
4005 630
4006 630
4007 630
4008 630
4009 630
4010 630
4011 630
4012 630
4013 630
4014 630
4015 630
4016 630
4017 630
4018 630
4019 630
4020 630
4021 630
4022 630
4023 630
4024 630
4025 630
4026 630
4027 630
4028 630
4029 630
4030 630
4031 630
4032 630
4033 630
4034 630
4035 630
4036 630
4037 630
4038 630
4039 630
4040 630
4041 630
4042 630
4043 630
4044 630
4045 630
4046 630
4047 630
4048 630
4049 630
4050 630
4051 630
4052 630
4053 630
4054 630
4055 630
4056 630
4057 630
4058 630
4059 630
4060 630
4061 630
4062 630
4063 630
4064 630
4065 630
4066 630
4067 630
4068 630
4069 630
4070 630
4071 630
4072 630
4073 630
4074 630
4075 630
4076 630
4077 630
4078 630
4079 630
4080 630
4081 630
4082 630
4083 630
4084 630
4085 630
4086 630
4087 630
4088 630
4089 630
4090 630
4091 630
4092 630
4093 630
4094 630
4095 630
4096 630
4097 630
4098 630
4099 630
4100 630
4101 630
4102 630
4103 630
4104 630
4105 630
4106 630
4107 630
4108 630
4109 630
4110 630
4111 630
4112 630
4113 630
4114 630
4115 630
4116 630
4117 630
4118 630
4119 630
4120 630
4121 630
4122 630
4123 630
4124 630
4125 630
4126 630
4127 630
4128 630
4129 630
4130 630
4131 630
4132 630
4133 630
4134 630
4135 630
4136 630
4137 630
4138 630
4139 630
4140 630
4141 630
4142 630
4143 630
4144 630
4145 630
4146 630
4147 630
4148 630
4149 630
4150 630
4151 630
4152 630
4153 630
4154 630
4155 630
4156 630
4157 630
4158 630
4159 630
4160 630
4161 630
4162 630
4163 630
4164 630
4165 630
4166 630
4167 630
4168 630
4169 630
4170 630
4171 630
4172 630
4173 630
4174 630
4175 630
4176 630
4177 630
4178 630
4179 630
4180 630
4181 630
4182 630
4183 630
4184 630
4185 630
4186 630
4187 630
4188 630
4189 630
4190 630
4191 630
4192 630
4193 630
4194 630
4195 630
4196 630
4197 630
4198 630
4199 630
4200 630
4201 630
4202 630
4203 630
4204 630
4205 630
4206 630
4207 630
4208 630
4209 630
4210 630
4211 630
4212 630
4213 630
4214 630
4215 630
4216 630
4217 630
4218 630
4219 630
4220 630
4221 630
4222 630
4223 630
4224 630
4225 630
4226 630
4227 630
4228 630
4229 630
4230 630
4231 630
4232 630
4233 630
4234 630
4235 630
4236 630
4237 630
4238 630
4239 630
4240 630
4241 630
4242 630
4243 630
4244 630
4245 630
4246 630
4247 630
4248 630
4249 630
4250 630
4251 630
4252 630
4253 630
4254 630
4255 630
4256 630
4257 630
4258 630
4259 630
4260 630
4261 630
4262 630
4263 630
4264 630
4265 630
4266 630
4267 630
4268 630
4269 630
4270 630
4271 630
4272 630
4273 630
4274 630
4275 630
4276 630
4277 630
4278 630
4279 630
4280 630
4281 630
4282 630
4283 630
4284 630
4285 630
4286 630
4287 630
4288 630
4289 630
4290 630
4291 630
4292 630
4293 630
4294 630
4295 630
4296 630
4297 630
4298 630
4299 630
4300 630
4301 630
4302 630
4303 630
4304 630
4305 630
4306 630
4307 630
4308 630
4309 630
4310 630
4311 630
4312 630
4313 630
4314 630
4315 630
4316 630
4317 630
4318 630
4319 630
4320 630
4321 630
4322 630
4323 630
4324 630
4325 630
4326 630
4327 630
4328 630
4329 630
4330 630
4331 630
4332 630
4333 630
4334 630
4335 630
4336 630
4337 630
4338 630
4339 630
4340 630
4341 630
4342 630
4343 630
4344 630
4345 630
4346 630
4347 630
4348 630
4349 630
4350 630
4351 630
4352 630
4353 630
4354 630
4355 630
4356 630
4357 630
4358 630
4359 630
4360 630
4361 630
4362 630
4363 630
4364 630
4365 630
4366 630
4367 630
4368 630
4369 630
4370 630
4371 630
4372 630
4373 630
4374 630
4375 630
4376 630
4377 630
4378 630
4379 630
4380 630
4381 630
4382 630
4383 630
4384 630
4385 630
4386 630
4387 630
4388 630
4389 630
4390 630
4391 630
4392 630
4393 630
4394 630
4395 630
4396 630
4397 630
4398 630
4399 630
4400 630
4401 630
4402 630
4403 630
4404 630
4405 630
4406 630
4407 630
4408 630
4409 630
4410 630
4411 630
4412 630
4413 630
4414 630
4415 630
4416 630
4417 630
4418 630
4419 630
4420 630
4421 630
4422 630
4423 630
4424 630
4425 630
4426 630
4427 630
4428 630
4429 630
4430 630
4431 630
4432 630
4433 630
4434 630
4435 630
4436 630
4437 630
4438 630
4439 630
4440 630
4441 630
4442 630
4443 630
4444 630
4445 630
4446 630
4447 630
4448 630
4449 630
4450 630
4451 630
4452 630
4453 630
4454 630
4455 630
4456 630
4457 630
4458 630
4459 630
4460 630
4461 630
4462 630
4463 630
4464 630
4465 630
4466 630
4467 630
4468 630
4469 630
4470 630
4471 630
4472 630
4473 630
4474 630
4475 630
4476 630
4477 630
4478 630
4479 630
4480 630
4481 630
4482 630
4483 630
4484 630
4485 630
4486 630
4487 630
4488 630
4489 630
4490 630
4491 630
4492 630
4493 630
4494 630
4495 630
4496 630
4497 630
4498 630
4499 630
4500 630
4501 630
4502 630
4503 630
4504 630
4505 630
4506 630
4507 630
4508 630
4509 630
4510 630
4511 630
4512 630
4513 630
4514 630
4515 630
4516 630
4517 630
4518 630
4519 630
4520 630
4521 630
4522 630
4523 630
4524 630
4525 630
4526 630
4527 630
4528 630
4529 630
4530 630
4531 630
4532 630
4533 630
4534 630
4535 630
4536 630
4537 630
4538 630
4539 630
4540 630
4541 630
4542 630
4543 630
4544 630
4545 630
4546 630
4547 630
4548 630
4549 630
4550 630
4551 630
4552 630
4553 630
4554 630
4555 630
4556 630
4557 630
4558 630
4559 630
4560 630
4561 630
4562 630
4563 630
4564 630
4565 630
4566 630
4567 630
4568 630
4569 630
4570 630
4571 630
4572 630
4573 630
4574 630
4575 630
4576 630
4577 630
4578 630
4579 630
4580 630
4581 630
4582 630
4583 630
4584 630
4585 630
4586 630
4587 630
4588 630
4589 630
4590 630
4591 630
4592 630
4593 630
4594 630
4595 630
4596 630
4597 630
4598 630
4599 630
4600 630
4601 630
4602 630
4603 630
4604 630
4605 630
4606 630
4607 630
4608 630
4609 630
4610 630
4611 630
4612 630
4613 630
4614 630
4615 630
4616 630
4617 630
4618 630
4619 630
4620 630
4621 630
4622 630
4623 630
4624 630
4625 630
4626 630
4627 630
4628 630
4629 630
4630 630
4631 630
4632 630
4633 630
4634 630
4635 630
4636 630
4637 630
4638 630
4639 630
4640 630
4641 630
4642 630
4643 630
4644 630
4645 630
4646 630
4647 630
4648 630
4649 630
4650 630
4651 630
4652 630
4653 630
4654 630
4655 630
4656 630
4657 630
4658 630
4659 630
4660 630
4661 630
4662 630
4663 630
4664 630
4665 630
4666 630
4667 630
4668 630
4669 630
4670 630
4671 630
4672 630
4673 630
4674 630
4675 630
4676 630
4677 630
4678 630
4679 630
4680 630
4681 630
4682 630
4683 630
4684 630
4685 630
4686 630
4687 630
4688 630
4689 630
4690 630
4691 630
4692 630
4693 630
4694 630
4695 630
4696 630
4697 630
4698 630
4699 630
4700 630
4701 630
4702 630
4703 630
4704 630
4705 630
4706 630
4707 630
4708 630
4709 630
4710 630
4711 630
4712 630
4713 630
4714 630
4715 630
4716 630
4717 630
4718 630
4719 630
4720 630
4721 630
4722 630
4723 630
4724 630
4725 630
4726 630
4727 630
4728 630
4729 630
4730 630
4731 630
4732 630
4733 630
4734 630
4735 630
4736 630
4737 630
4738 630
4739 630
4740 630
4741 630
4742 630
4743 630
4744 630
4745 630
4746 630
4747 630
4748 630
4749 630
4750 630
4751 630
4752 630
4753 630
4754 630
4755 630
4756 630
4757 630
4758 630
4759 630
4760 630
4761 630
4762 630
4763 630
4764 630
4765 630
4766 630
4767 630
4768 630
4769 630
4770 630
4771 630
4772 630
4773 630
4774 630
4775 630
4776 630
4777 630
4778 630
4779 630
4780 630
4781 630
4782 630
4783 630
4784 630
4785 630
4786 630
4787 630
4788 630
4789 630
4790 630
4791 630
4792 630
4793 630
4794 630
4795 630
4796 630
4797 630
4798 630
4799 630
4800 630
4801 630
4802 630
4803 630
4804 630
4805 630
4806 630
4807 630
4808 630
4809 630
4810 630
4811 630
4812 630
4813 630
4814 630
4815 630
4816 630
4817 630
4818 630
4819 630
4820 630
4821 630
4822 630
4823 630
4824 630
4825 630
4826 630
4827 630
4828 630
4829 630
4830 630
4831 630
4832 630
4833 630
4834 630
4835 630
4836 630
4837 630
4838 630
4839 630
4840 630
4841 630
4842 630
4843 630
4844 630
4845 630
4846 630
4847 630
4848 630
4849 630
4850 630
4851 630
4852 630
4853 630
4854 630
4855 630
4856 630
4857 630
4858 630
4859 630
4860 630
4861 630
4862 630
4863 630
4864 630
4865 630
4866 630
4867 630
4868 630
4869 630
4870 630
4871 630
4872 630
4873 630
4874 630
4875 630
4876 630
4877 630
4878 630
4879 630
4880 630
4881 630
4882 630
4883 630
4884 630
4885 630
4886 630
4887 630
4888 630
4889 630
4890 630
4891 630
4892 630
4893 630
4894 630
4895 630
4896 630
4897 630
4898 630
4899 630
4900 630
4901 630
4902 630
4903 630
4904 630
4905 630
4906 630
4907 630
4908 630
4909 630
4910 630
4911 630
4912 630
4913 630
4914 630
4915 630
4916 630
4917 630
4918 630
4919 630
4920 630
4921 630
4922 630
4923 630
4924 630
4925 630
4926 630
4927 630
4928 630
4929 630
4930 630
4931 630
4932 630
4933 630
4934 630
4935 630
4936 630
4937 630
4938 630
4939 630
4940 630
4941 630
4942 630
4943 630
4944 630
4945 630
4946 630
4947 630
4948 630
4949 630
4950 630
4951 630
4952 630
4953 630
4954 630
4955 630
4956 630
4957 630
4958 630
4959 630
4960 630
4961 630
4962 630
4963 630
4964 630
4965 630
4966 630
4967 630
4968 630
4969 630
4970 630
4971 630
4972 630
4973 630
4974 630
4975 630
4976 630
4977 630
4978 630
4979 630
4980 630
4981 630
4982 630
4983 630
4984 630
4985 630
4986 630
4987 630
4988 630
4989 630
4990 630
4991 630
4992 630
4993 630
4994 630
4995 630
4996 630
4997 630
4998 630
4999 630
5000 630
5001 630
5002 630
5003 630
5004 630
5005 630
5006 630
5007 630
5008 630
5009 630
5010 630
5011 630
5012 630
5013 630
5014 630
5015 630
5016 630
5017 630
5018 630
5019 630
5020 630
5021 630
5022 630
5023 630
5024 630
5025 630
5026 630
5027 630
5028 630
5029 630
5030 630
5031 630
5032 630
5033 630
5034 630
5035 630
5036 630
5037 630
5038 630
5039 630
5040 630
5041 630
5042 630
5043 630
5044 630
5045 630
5046 630
5047 630
5048 630
5049 630
5050 630
5051 630
5052 630
5053 630
5054 630
5055 630
5056 630
5057 630
5058 630
5059 630
5060 630
5061 630
5062 630
5063 630
5064 630
5065 630
5066 630
5067 630
5068 630
5069 630
5070 630
5071 630
5072 630
5073 630
5074 630
5075 630
5076 630
5077 630
5078 630
5079 630
5080 630
5081 630
5082 630
5083 630
5084 630
5085 630
5086 630
5087 630
5088 630
5089 630
5090 630
5091 630
5092 630
5093 630
5094 630
5095 630
5096 630
5097 630
5098 630
5099 630
5100 630
5101 630
5102 630
5103 630
5104 630
5105 630
5106 630
5107 630
5108 630
5109 630
5110 630
5111 630
5112 630
5113 630
5114 630
5115 630
5116 630
5117 630
5118 630
5119 630
5120 630
5121 630
5122 630
5123 630
5124 630
5125 630
5126 630
5127 630
5128 630
5129 630
5130 630
5131 630
5132 630
5133 630
5134 630
5135 630
5136 630
5137 630
5138 630
5139 630
5140 630
5141 630
5142 630
5143 630
5144 630
5145 630
5146 630
5147 630
5148 630
5149 630
5150 630
5151 630
5152 630
5153 630
5154 630
5155 630
5156 630
